;1.02版坐标系转换插件用配置文件。
;可以添加多组参数，参照默认参数的格式添加，请不要删除默认参数。
[默认参数]
DX=391090.57816
DY=2472660.598025
R=0.0170603779
S=0.999997425176
[参数1]
DX=391090.57816
DY=2472660.598025
R=0.0170603779
S=0.999997425176
[参数2]
DX=391090.57816
DY=2472660.598025
R=0.0170603779
S=0.999997425176
